SAT with the following box:
         r1_4_t : [10.76105367300429, 10.76163791024091];
          y_4_t : [0.03508185457079879, 0.03558963420207598];
          x_4_t : [3.010190040112837, 3.010345508820951];
         time_4 : [67.9852694859274, 67.98602449893951];
         r1_4_0 : [10.76105367300429, 10.76163791024091];
        tau_4_0 : [297.0139755010605, 297.0147243129244];
          x_4_0 : [10.7461557876976, 10.74674002493422];
          y_4_0 : [0.01470955899891201, 0.01513933392982586];
          z_4_0 : [12.24125923444538, 12.24189051294098];
         mode_4 : [1, 1];
          y_3_t : [0.01489808574009433, 0.01515199625580195];
        tau_3_t : [297.0139755010605, 297.0147243129244];
         time_3 : [90.42397694006405, 90.42474641669978];
          z_3_t : [12.24181861360931, 12.24181968823301];
        tau_3_0 : [206.5892290843607, 206.5899778962246];
         r0_2_0 : [5.206649778180916, 5.207637376156144];
        tau_1_0 : [78.33328700515955, 78.33403581702346];
          y_1_0 : [0.1612928731895209, 0.1620128671643916];
          y_3_0 : [0.05182586022817538, 0.05273618066602759];
          z_1_0 : [0.2798904372016396, 0.2803640464612033];
         mode_1 : [2, 2];
          x_0_t : [5.044808421694814, 5.044899794287305];
          z_4_t : [0.302094044296923, 0.3021000041056326];
         r1_3_0 : [10.76105367300429, 10.76163791024091];
         r1_0_t : [10.76059088431923, 10.76134632375426];
        tau_1_t : [170.4146086246106, 170.4153574364745];
        tau_0_0 : [0, 0];
          z_1_t : [12.24243354219937, 12.24243431953055];
          y_0_t : [0.1619787317194694, 0.1619799403622471];
          y_2_t : [0.05187865410628818, 0.05263066660762113];
         r1_3_t : [10.76105367300429, 10.76163791024091];
          y_0_0 : [0.09999999999999999, 0.1];
         r1_1_0 : [10.76059088431923, 10.76134632375426];
         r0_1_0 : [5.206668094428043, 5.207637376156144];
         r0_2_t : [5.206649778180916, 5.207637376156144];
          z_0_0 : [16, 16];
          x_0_0 : [29, 29];
         time_0 : [78.3331428901038, 78.33403581702346];
         r0_0_t : [5.206668094428043, 5.207637376156144];
         r1_1_t : [10.76059088431923, 10.76134632375426];
         r0_3_t : [5.206649778180916, 5.207637376156144];
          x_1_t : [10.71558517810316, 10.71634061716262];
         mode_0 : [1, 1];
          x_3_t : [10.74663418393408, 10.74674002493422];
         time_2 : [36.17383504755663, 36.17462045975009];
         mode_3 : [2, 2];
         r1_0_0 : [10.76059088431923, 10.76134632375426];
          z_0_t : [0.2799004038532407, 0.2799025871855271];
        tau_2_0 : [170.4146086246106, 170.4153574364745];
         r0_0_0 : [5.206668094428043, 5.207637376156144];
         r0_3_0 : [5.206649778180916, 5.207637376156144];
          x_1_0 : [5.044769881542743, 5.045670423364268];
         time_1 : [92.0805410223419, 92.08132161945105];
        tau_0_t : [78.33316975157695, 78.33403581702346];
          y_1_t : [0.04480260877320024, 0.04500175856234918];
         r0_1_t : [5.206668094428043, 5.207637376156144];
        tau_4_t : [365, 365];
         mode_2 : [1, 1];
          y_2_0 : [0.04451672765260611, 0.04529392274360516];
         r0_4_0 : [5.206649778180916, 5.207637376156144];
          x_2_0 : [10.71601730621399, 10.71634061753819];
         r1_2_0 : [10.76105367300429, 10.76134632375426];
          z_2_t : [0.9138149648550559, 0.913907925837435];
          z_2_0 : [12.24174017993922, 12.24265891734078];
         r1_2_t : [10.76105367300429, 10.76134632375426];
        tau_2_t : [206.5892290843607, 206.5899778962246];
         r0_4_t : [5.206649778180916, 5.207637376156144];
          x_2_t : [5.154017942990537, 5.15409839152789];
          z_3_0 : [0.9135455972563208, 0.9143161912463992];
          x_3_0 : [5.154017942990537, 5.154215073073203]

