SAT with the following box:
          x_1_t : [5.237325718637903, 5.238150241611732];
        tau_1_t : [365, 365];
          y_1_t : [0.05619109239983548, 0.05631164394803202];
         r1_1_t : [8, 8.0008544921875];
         r0_1_t : [1.922504241592401, 1.923486084363057];
         time_1 : [136.9821710747201, 136.9826779179275];
          z_1_t : [8.249860735002542, 8.249860740700466];
         r1_0_t : [8, 8.0008544921875];
          z_0_t : [0.2500001884211479, 0.2500001884296637];
         mode_0 : [1, 1];
        tau_0_0 : [0, 0];
          y_0_t : [0.461587719581659, 0.4615892990492853];
         time_0 : [228.0172982786715, 228.0178017020226];
          x_0_0 : [32.4, 32.40000000000001];
         mode_1 : [2, 2];
          x_1_0 : [1.461160242318326, 1.461896785313737];
          y_1_0 : [0.4613439992739757, 0.4623259470914334];
         r0_0_t : [1.922504241592401, 1.923486084363057];
          y_0_0 : [0.09999999999999999, 0.1];
          z_0_0 : [16, 16];
         r1_1_0 : [8, 8.0008544921875];
         r0_0_0 : [1.922504241592401, 1.923486084363057];
        tau_0_t : [228.0173220820725, 228.0178017020226];
          x_0_t : [1.461166213610297, 1.461170956741318];
         r1_0_0 : [8, 8.0008544921875];
          z_1_0 : [0.2500001594064821, 0.2500002046165266];
        tau_1_0 : [228.0173220820725, 228.0178017020226];
         r0_1_0 : [1.922504241592401, 1.923486084363057]

