SAT with the following box:
        tau_3_t : [365, 365];
         r1_3_t : [10.69631452208559, 10.69706003384745];
          y_3_t : [0.004043045888874499, 0.004163017107684318];
         r1_3_0 : [10.69631452208559, 10.69706003384745];
        tau_3_0 : [228.125, 228.125];
         r0_3_t : [4.585651880210847, 4.586321571437988];
         r1_1_0 : [10.69631452208559, 10.69706003384745];
        tau_1_0 : [65.1975790808994, 65.19818896055222];
          x_1_0 : [4.443082271429674, 4.443434863042826];
          y_0_0 : [0.09999999999999999, 0.1];
          x_0_0 : [19, 19];
          z_2_0 : [12.24894088112253, 12.24931858106277];
          y_1_0 : [0.1427821351372764, 0.1435385918533687];
          y_3_0 : [0.03338283497542809, 0.03433894369351066];
          z_1_0 : [0.3158735260014382, 0.31668114075994];
         time_0 : [65.19755926483776, 65.19818896055222];
         r0_1_0 : [4.585661665508109, 4.586321571437988];
          x_0_t : [4.443113160362216, 4.443171497888991];
         r0_3_0 : [4.585651880210847, 4.586321571437988];
         r0_0_t : [4.585661665508109, 4.586660125312962];
          z_3_t : [12.24979710463741, 12.2497971187791];
        tau_0_0 : [0, 0];
         mode_3 : [2, 2];
         r1_0_t : [10.69631452208559, 10.69706003384745];
          z_0_0 : [12.5, 12.5];
         r0_0_0 : [4.585661665508109, 4.586660125312962];
         r1_0_0 : [10.69631452208559, 10.69706003384745];
        tau_0_t : [65.19755926483776, 65.19818896055222];
          y_2_0 : [0.02355923046474306, 0.02423016784552228];
         mode_0 : [1, 1];
          z_0_t : [0.3165148940234308, 0.3165182722742047];
         mode_1 : [2, 2];
         time_3 : [136.875, 136.875];
          y_0_t : [0.1432160284338007, 0.1432167744233481];
         mode_2 : [1, 1];
        tau_1_t : [186.9305783613292, 186.9311414714903];
          y_1_t : [0.02351375817193743, 0.02363891396461655];
          z_1_t : [12.2492963206651, 12.24929640408672];
         time_2 : [41.19385763777119, 41.1944216386708];
         r0_1_t : [4.585661665508109, 4.586321571437988];
         r1_1_t : [10.69631452208559, 10.69706003384745];
          x_1_t : [10.6728018467282, 10.67314577004079];
          y_2_t : [0.03366111360254553, 0.03432685778177968];
          x_2_0 : [10.67306048178504, 10.67342031472385];
        tau_2_0 : [186.9305783613292, 186.9311414714903];
         time_1 : [121.7323833139562, 121.7329992804298];
         r0_2_0 : [4.585651880210847, 4.586321571437988];
         r1_2_0 : [10.69631452208559, 10.69706003384745];
         r0_2_t : [4.585651880210847, 4.586321571437988];
         r1_2_t : [10.69631452208559, 10.69706003384745];
        tau_2_t : [228.125, 228.125];
          x_2_t : [4.55132107538116, 4.551426989135043];
          x_3_t : [12.70515625674918, 12.70571333866306];
          z_3_0 : [0.6942883148810517, 0.6950937402555505];
          z_2_t : [0.6945310524947523, 0.6945651231937252];
          x_3_0 : [4.55132107538116, 4.551738989331133]

